 x <- c(1,2,3)
c <- codons[1:100, 1:4]
odons <- read.table('codons.txt')
 ls()
load("/Users/nachocab/RailsProjects/BioConductor/Rpacks/BicARE/data/sample.bicData.RData")
+3
 3+3
 start
 3+3
4.5+9+6+6+6+9+6+4.5+6+4.5+3+4.5+4.5
avg(c(6.4,7,7.3,5,5,5,6.7,8,9.2,7,5,6.7,7.7))
mean(c(6.4,7,7.3,5,5,5,6.7,8,9.2,7,5,6.7,7.7))
size(c(6.4,7,7.3,5,5,5,6.7,8,9.2,7,5,6.7,7.7))
length(c(6.4,7,7.3,5,5,5,6.7,8,9.2,7,5,6.7,7.7))
length(c(6,4.5,4.5,4.5,4.5,4.5,4.5,4.5,12,4.5,4.5,9,4.5))
sum(c(6,4.5,4.5,4.5,4.5,4.5,4.5,4.5,12,4.5,4.5,9,4.5))
mean(c(8.2,5.6,8,5.8,8.1,7,6.5,6,6,5.7,5,6,5.5))
length(c(8.2,5.6,8,5.8,8.1,7,6.5,6,6,5.7,5,6,5.5))
sum(c(6,4.5,10.5,15,4.5,4.5,3,6,9,3,3,4.5,3,3))
length(c(6,4.5,10.5,15,4.5,4.5,3,6,9,3,3,4.5,3,3))
mean(c(7.5,6.4,5.5,6,6.2,5.6,5,5.9,6.9,5.5,7.1,5.8,7,5.8))
length(c(7.5,6.4,5.5,6,6.2,5.6,5,5.9,6.9,5.5,7.1,5.8,7,5.8))
sum(c(9,12,6,9,9,4.5,7.5,4.5,4.5,4.5,4.5))
length(c(9,12,6,9,9,4.5,7.5,4.5,4.5,4.5,4.5))
mean(c(6.2,7,5.5,6,8,7,6,7,8.5,5.4,6.6))
length(c(6.2,7,5.5,6,8,7,6,7,8.5,5.4,6.6))
sum(c(15,9,9,9,4.5,4.5,4.5,4.5,4.5,4.5,6))
length(c(15,9,9,9,4.5,4.5,4.5,4.5,4.5,4.5,6))
mean(c(5,8,5,5.6,5.6,5.6,5.7,6.3,8,6,6,8))
73.5+72+79.5+75+75
375/5
mean(c(6.61,6.42,6.16,6.65,6.23))
13+13+14+11+11
2391/62
2391/375
